Webots Project File version R2023b
perspectives: 000000ff00000000fd00000002000000010000011c00000238fc0200000001fb0000001400540065007800740045006400690074006f00720100000016000002380000004100ffffff00000003000005a0000000d9fc0100000001fb0000001a0043006f006e0073006f006c00650041006c006c0041006c006c0100000000000005a00000006900ffffff000004820000023800000001000000020000000100000008fc00000000
simulationViewPerspectives: 000000ff000000010000000200000100000003820100000002010000000100
sceneTreePerspectives: 000000ff000000010000000300000123000000d9000000000100000002010000000200
maximizedDockId: -1
centralWidgetVisible: 1
orthographicViewHeight: 1
textFiles: -1
consoles: Console:All:All
renderingDevicePerspectives: Camera:camera;0;0.205357;0;0
renderingDevicePerspectives: Camera:image display;0;0.468519;0;0
