Webots Project File version R2023b
perspectives: 000000ff00000000fd00000003000000000000000000000000fc0100000001fb0000001a0044006f00630075006d0065006e0074006100740069006f006e0000000000ffffffff000000000000000000000001000001b400000238fc0200000001fb0000001400540065007800740045006400690074006f00720100000016000002380000008600ffffff00000003000005a0000000d9fc0100000001fb0000001a0043006f006e0073006f006c00650041006c006c0041006c006c0100000000000005a00000006900ffffff000003ea0000023800000001000000020000000100000008fc00000000
simulationViewPerspectives: 000000ff000000010000000200000156000006280100000002010000000100
sceneTreePerspectives: 000000ff00000001000000030000001e000000c0000000fa0100000002010000000200
maximizedDockId: -1
centralWidgetVisible: 1
renderingMode: PLAIN
orthographicViewHeight: 1
textFiles: 0 "controllers/visual_tracker/visual_tracker.py"
consoles: Console:All:All
renderingDevicePerspectives: TurtleBot3Burger:camera;1;3.3125;0.0155232;0.0152566
